
state={
	id=351
	name="STATE_351" # Vologda
	manpower = 2352100
	
	state_category = town

	history={
		owner = SOV
		buildings = {
			infrastructure = 2
		}
		add_core_of = SOV
		victory_points = {
			9131 3
		}
	}

	provinces={
		12 23 73 75 84 97 106 112 135 143 174 175 196 256 270 368 2996 3004 3017 3056 3066 3079 3087 3091 3099 3103 3135 3157 3164 3167 3175 3190 3245 3261 3349 6077 6089 6091 6097 6112 6113 6119 6149 6158 6180 6190 6191 6215 9033 9043 9102 9110 9113 9131 9133 9136 9159 9168 9172 9180 9199 9200 9202 9210 9222 9291 9358 9368 11027 11035 11075 11086 11095 11107 11134 11143 11158 11177 11180 11189 11213 11275 11340 
	}

	local_supplies=0.0 
}
